 
 
 
 
 
 
          512           0           0           0           4           0           0           0           0
            0
     0.000000E+00    0.000000E+00     186942.        1.720007E+06     510.590         253.370        3.909000E-02
     0.000000E+00    0.000000E+00    0.000000E+00
    -9.865     0.066
    -9.826     0.480
    -9.787    -0.065
    -9.748    -0.152
    -9.709     0.012
    -9.670    -0.141
    -9.631    -0.062
    -9.592     0.001
    -9.552    -0.045
    -9.513    -0.169
    -9.474     0.214
    -9.435    -0.111
    -9.396    -0.103
    -9.357    -0.227
    -9.318     0.189
    -9.279     0.162
    -9.240    -0.307
    -9.201    -0.249
    -9.162    -0.009
    -9.122    -0.330
    -9.083    -0.298
    -9.044     0.140
    -9.005    -0.035
    -8.966    -0.164
    -8.927     0.157
    -8.888    -0.156
    -8.849    -0.242
    -8.810     0.412
    -8.771     0.089
    -8.732    -0.250
    -8.692    -0.384
    -8.653     0.251
    -8.614    -0.070
    -8.575    -0.021
    -8.536     0.113
    -8.497    -0.090
    -8.458     0.050
    -8.419     0.182
    -8.380    -0.080
    -8.341     0.204
    -8.302     0.149
    -8.262    -0.440
    -8.223     0.100
    -8.184     0.360
    -8.145    -0.046
    -8.106     0.099
    -8.067     0.221
    -8.028     0.177
    -7.989    -0.098
    -7.950    -0.461
    -7.911    -0.144
    -7.872    -0.254
    -7.832     0.033
    -7.793     0.341
    -7.754    -0.002
    -7.715    -0.024
    -7.676    -0.270
    -7.637     0.172
    -7.598    -0.077
    -7.559    -0.048
    -7.520     0.238
    -7.481     0.231
    -7.442     0.330
    -7.402    -0.103
    -7.363     0.182
    -7.324    -0.198
    -7.285    -0.077
    -7.246     0.278
    -7.207    -0.124
    -7.168     0.001
    -7.129    -0.522
    -7.090    -0.186
    -7.051    -0.301
    -7.012    -0.226
    -6.972    -0.391
    -6.933    -0.112
    -6.894    -0.012
    -6.855     0.048
    -6.816    -0.021
    -6.777    -0.073
    -6.738    -0.382
    -6.699    -0.127
    -6.660    -0.445
    -6.621    -0.101
    -6.582    -0.637
    -6.542    -0.109
    -6.503    -0.484
    -6.464    -0.280
    -6.425    -0.453
    -6.386    -0.252
    -6.347    -0.834
    -6.308    -0.577
    -6.269    -0.402
    -6.230    -0.265
    -6.191    -0.562
    -6.152    -0.200
    -6.113    -0.658
    -6.073    -0.855
    -6.034    -0.589
    -5.995    -1.028
    -5.956    -0.826
    -5.917    -1.085
    -5.878    -0.742
    -5.839    -0.942
    -5.800    -1.849
    -5.761    -1.357
    -5.722    -2.134
    -5.683    -2.928
    -5.643    -3.201
    -5.604    -3.882
    -5.565    -4.761
    -5.526    -6.049
    -5.487    -7.812
    -5.448   -10.525
    -5.409   -13.142
    -5.370   -15.867
    -5.331   -16.960
    -5.292   -16.371
    -5.253   -14.175
    -5.213   -11.607
    -5.174    -8.810
    -5.135    -6.886
    -5.096    -5.589
    -5.057    -4.376
    -5.018    -3.905
    -4.979    -3.761
    -4.940    -3.313
    -4.901    -2.987
    -4.862    -2.454
    -4.823    -2.297
    -4.783    -1.448
    -4.744    -1.652
    -4.705    -1.315
    -4.666    -1.156
    -4.627    -0.886
    -4.588    -1.073
    -4.549    -0.850
    -4.510    -0.696
    -4.471    -0.493
    -4.432    -0.675
    -4.393    -0.501
    -4.353    -0.710
    -4.314    -0.597
    -4.275    -0.395
    -4.236    -0.088
    -4.197    -0.443
    -4.158    -0.158
    -4.119    -0.577
    -4.080    -0.590
    -4.041    -0.527
    -4.002    -0.732
    -3.963    -0.761
    -3.923    -0.485
    -3.884    -0.324
    -3.845    -0.366
    -3.806    -0.753
    -3.767    -1.013
    -3.728    -0.531
    -3.689    -0.557
    -3.650    -0.748
    -3.611    -1.020
    -3.572    -1.154
    -3.533    -0.829
    -3.493    -1.556
    -3.454    -2.110
    -3.415    -2.578
    -3.376    -2.817
    -3.337    -3.269
    -3.298    -4.694
    -3.259    -6.274
    -3.220    -8.712
    -3.181   -11.280
    -3.142   -13.467
    -3.103   -14.694
    -3.063   -14.180
    -3.024   -12.229
    -2.985    -9.434
    -2.946    -7.561
    -2.907    -6.111
    -2.868    -4.647
    -2.829    -3.843
    -2.790    -3.250
    -2.751    -2.237
    -2.712    -2.114
    -2.673    -2.288
    -2.633    -1.581
    -2.594    -1.229
    -2.555    -1.216
    -2.516    -0.631
    -2.477    -0.705
    -2.438    -0.615
    -2.399    -0.360
    -2.360    -0.705
    -2.321    -0.601
    -2.282    -0.190
    -2.243    -0.706
    -2.204    -0.619
    -2.164    -0.172
    -2.125    -0.156
    -2.086    -0.475
    -2.047    -0.383
    -2.008    -0.335
    -1.969    -0.456
    -1.930    -0.386
    -1.891    -1.078
    -1.852    -0.558
    -1.813    -0.488
    -1.774    -0.596
    -1.734    -0.398
    -1.695    -0.276
    -1.656    -0.306
    -1.617    -0.232
    -1.578    -0.674
    -1.539    -0.735
    -1.500    -0.403
    -1.461    -0.926
    -1.422    -0.448
    -1.383    -0.266
    -1.344    -0.631
    -1.304    -0.786
    -1.265    -0.606
    -1.226    -0.884
    -1.187    -1.098
    -1.148    -1.349
    -1.109    -1.372
    -1.070    -1.976
    -1.031    -2.696
    -0.992    -4.465
    -0.953    -5.815
    -0.914    -7.296
    -0.874    -8.314
    -0.835    -8.527
    -0.796    -7.590
    -0.757    -6.090
    -0.718    -4.361
    -0.679    -3.418
    -0.640    -2.620
    -0.601    -2.120
    -0.562    -1.708
    -0.523    -1.267
    -0.484    -0.868
    -0.444    -1.120
    -0.405    -0.817
    -0.366    -0.979
    -0.327    -0.626
    -0.288    -0.850
    -0.249    -0.936
    -0.210    -0.649
    -0.171    -1.079
    -0.132    -0.718
    -0.093    -1.204
    -0.054    -0.555
    -0.014    -1.019
     0.025    -1.017
     0.064    -0.984
     0.103    -0.779
     0.142    -0.753
     0.181    -0.735
     0.220    -0.736
     0.259    -0.688
     0.298    -0.912
     0.337    -1.345
     0.376    -1.144
     0.416    -0.987
     0.455    -0.974
     0.494    -1.226
     0.533    -1.665
     0.572    -1.907
     0.611    -2.405
     0.650    -2.767
     0.689    -3.874
     0.728    -5.496
     0.767    -7.436
     0.806    -8.768
     0.846    -8.740
     0.885    -8.302
     0.924    -7.029
     0.963    -5.208
     1.002    -3.075
     1.041    -2.692
     1.080    -2.396
     1.119    -2.003
     1.158    -1.664
     1.197    -1.494
     1.236    -0.812
     1.276    -0.792
     1.315    -0.440
     1.354    -0.648
     1.393    -0.313
     1.432    -0.734
     1.471    -0.299
     1.510    -0.492
     1.549    -0.285
     1.588    -0.468
     1.627     0.193
     1.666    -0.497
     1.705    -0.509
     1.745    -0.263
     1.784    -0.238
     1.823    -0.043
     1.862    -0.117
     1.901    -0.347
     1.940    -0.092
     1.979    -0.213
     2.018    -0.023
     2.057    -0.368
     2.096    -0.392
     2.135    -0.508
     2.175    -0.662
     2.214    -0.402
     2.253    -0.550
     2.292    -0.958
     2.331    -0.971
     2.370    -0.981
     2.409    -0.514
     2.448    -1.307
     2.487    -0.399
     2.526    -0.804
     2.565    -1.154
     2.605    -1.358
     2.644    -1.518
     2.683    -1.768
     2.722    -1.678
     2.761    -2.336
     2.800    -3.169
     2.839    -4.201
     2.878    -5.110
     2.917    -6.414
     2.956    -7.912
     2.995   -10.453
     3.035   -12.468
     3.074   -14.619
     3.113   -14.499
     3.152   -13.345
     3.191   -10.641
     3.230    -7.715
     3.269    -5.611
     3.308    -4.643
     3.347    -3.518
     3.386    -2.696
     3.425    -2.478
     3.465    -2.229
     3.504    -2.051
     3.543    -1.581
     3.582    -1.223
     3.621    -0.868
     3.660    -1.419
     3.699    -0.925
     3.738    -0.944
     3.777    -0.637
     3.816    -0.659
     3.855    -0.405
     3.895    -0.461
     3.934    -0.151
     3.973    -0.674
     4.012    -0.597
     4.051    -0.445
     4.090    -0.581
     4.129    -0.478
     4.168    -0.612
     4.207    -0.567
     4.246    -0.480
     4.285    -0.271
     4.325    -0.554
     4.364    -0.157
     4.403    -0.928
     4.442    -0.607
     4.481    -0.844
     4.520    -0.681
     4.559    -0.622
     4.598    -1.046
     4.637    -0.618
     4.676    -1.247
     4.715    -1.479
     4.755    -1.265
     4.794    -1.778
     4.833    -1.785
     4.872    -2.824
     4.911    -2.693
     4.950    -2.860
     4.989    -3.910
     5.028    -4.023
     5.067    -4.512
     5.106    -5.465
     5.145    -6.586
     5.185    -8.998
     5.224   -11.418
     5.263   -14.063
     5.302   -16.289
     5.341   -16.711
     5.380   -15.792
     5.419   -12.732
     5.458    -9.891
     5.497    -7.833
     5.536    -5.898
     5.575    -4.524
     5.614    -3.414
     5.654    -2.746
     5.693    -2.359
     5.732    -2.113
     5.771    -1.881
     5.810    -1.604
     5.849    -1.182
     5.888    -0.987
     5.927    -0.938
     5.966    -0.990
     6.005    -0.896
     6.044    -0.779
     6.084    -0.658
     6.123    -0.556
     6.162    -0.686
     6.201    -0.594
     6.240    -0.111
     6.279     0.012
     6.318    -0.457
     6.357    -0.236
     6.396    -0.237
     6.435    -0.215
     6.474    -0.537
     6.514     0.157
     6.553     0.143
     6.592     0.480
     6.631     0.040
     6.670    -0.157
     6.709     0.002
     6.748    -0.183
     6.787    -0.158
     6.826    -0.286
     6.865    -0.073
     6.904     0.058
     6.944    -0.093
     6.983    -0.297
     7.022    -0.045
     7.061     0.140
     7.100    -0.299
     7.139    -0.189
     7.178    -0.019
     7.217    -0.064
     7.256    -0.417
     7.295    -0.111
     7.334     0.203
     7.374     0.447
     7.413     0.033
     7.452    -0.374
     7.491    -0.260
     7.530    -0.148
     7.569     0.094
     7.608     0.060
     7.647    -0.505
     7.686    -0.177
     7.725    -0.367
     7.764    -0.286
     7.804     0.170
     7.843     0.352
     7.882    -0.383
     7.921    -0.128
     7.960    -0.077
     7.999    -0.225
     8.038    -0.032
     8.077    -0.076
     8.116    -0.102
     8.155     0.317
     8.194     0.173
     8.234     0.140
     8.273     0.199
     8.312    -0.234
     8.351    -0.141
     8.390     0.189
     8.429     0.212
     8.468    -0.041
     8.507    -0.117
     8.546     0.224
     8.585     0.110
     8.624    -0.165
     8.664    -0.124
     8.703    -0.156
     8.742    -0.126
     8.781    -0.369
     8.820    -0.027
     8.859    -0.467
     8.898    -0.267
     8.937     0.190
     8.976     0.115
     9.015     0.129
     9.054    -0.152
     9.094     0.359
     9.133    -0.082
     9.172     0.237
     9.211     0.441
     9.250     0.383
     9.289    -0.143
     9.328     0.238
     9.367     0.145
     9.406    -0.020
     9.445    -0.131
     9.484     0.002
     9.523    -0.135
     9.563    -0.161
     9.602     0.176
     9.641     0.159
     9.680     0.506
     9.719     0.103
     9.758    -0.454
     9.797    -0.249
     9.836    -0.238
     9.875    -0.254
     9.914    -0.010
     9.953     0.013
     9.993     0.356
    10.032     0.154
    10.071     0.600
    10.110     0.159
