cholesterol
0   0.00000     0.00000     0
cholesterol
 28 31  0  0  0  0  0  0  0  0  1 V2000
    3.3571    3.6606    0.0000 C   0  0  0  0  0  0  0  0  0  0  0  0
    4.0262    2.9174    0.0000 C   0  0  0  0  0  0  0  0  0  0  0  0
    5.0044    3.1253    0.0000 C   0  0  0  0  0  0  0  0  0  0  0  0
    3.7172    1.9664    0.0000 C   0  0  0  0  0  0  0  0  0  0  0  0
    2.7390    1.7585    0.0000 C   0  0  0  0  0  0  0  0  0  0  0  0
    2.4300    0.8074    0.0000 C   0  0  0  0  0  0  0  0  0  0  0  0
    1.4519    0.5995    0.0000 C   0  0  0  0  0  0  0  0  0  0  0  0
    0.7827    1.3426    0.0000 C   0  0  0  0  0  0  0  0  0  0  0  0
    1.1429   -0.3516    0.0000 C   0  0  0  0  0  0  0  0  0  0  0  0
    1.7306   -1.1606    0.0000 C   0  0  0  0  0  0  0  0  0  0  0  0
    1.1429   -1.9696    0.0000 C   0  0  0  0  0  0  0  0  0  0  0  0
    0.1918   -1.6606    0.0000 C   0  0  0  0  0  0  0  0  0  0  0  0
   -0.6742   -2.1606    0.0000 C   0  0  0  0  0  0  0  0  0  0  0  0
   -0.6742   -3.1606    0.0000 C   0  0  0  0  0  0  0  0  0  0  0  0
   -1.5403   -3.6606    0.0000 C   0  0  0  0  0  0  0  0  0  0  0  0
   -2.4063   -3.1606    0.0000 C   0  0  0  0  0  0  0  0  0  0  0  0
   -3.2723   -3.6606    0.0000 C   0  0  0  0  0  0  0  0  0  0  0  0
   -4.1383   -3.1606    0.0000 C   0  0  0  0  0  0  0  0  0  0  0  0
   -5.0044   -3.6606    0.0000 O   0  0  0  0  0  0  0  0  0  0  0  0
   -4.1383   -2.1606    0.0000 C   0  0  0  0  0  0  0  0  0  0  0  0
   -3.2723   -1.6606    0.0000 C   0  0  0  0  0  0  0  0  0  0  0  0
   -2.4063   -2.1606    0.0000 C   0  0  0  0  0  0  0  0  0  0  0  0
   -2.4063   -1.1606    0.0000 C   0  0  0  0  0  0  0  0  0  0  0  0
   -1.5402   -1.6606    0.0000 C   0  0  0  0  0  0  0  0  0  0  0  0
   -1.5403   -0.6606    0.0000 C   0  0  0  0  0  0  0  0  0  0  0  0
   -0.6742   -0.1606    0.0000 C   0  0  0  0  0  0  0  0  0  0  0  0
    0.1918   -0.6606    0.0000 C   0  0  0  0  0  0  0  0  0  0  0  0
    0.2963    0.3339    0.0000 C   0  0  0  0  0  0  0  0  0  0  0  0
  1  2  1  0  0  0  0
  2  3  1  0  0  0  0
  2  4  1  0  0  0  0
  4  5  1  0  0  0  0
  5  6  1  0  0  0  0
  6  7  1  0  0  0  0
  7  8  1  6  0  0  0
  7  9  1  0  0  0  0
  9 10  1  1  0  0  0
 10 11  1  0  0  0  0
 12 11  1  1  0  0  0
 12 13  1  0  0  0  0
 13 14  1  6  0  0  0
 14 15  1  0  0  0  0
 15 16  2  0  0  0  0
 16 17  1  0  0  0  0
 17 18  1  0  0  0  0
 18 19  1  1  0  0  0
 18 20  1  0  0  0  0
 20 21  1  0  0  0  0
 21 22  1  0  0  0  0
 22 16  1  0  0  0  0
 22 23  1  1  0  0  0
 22 24  1  0  0  0  0
 24 13  1  0  0  0  0
 24 25  1  1  0  0  0
 25 26  1  0  0  0  0
 26 27  1  0  0  0  0
 27  9  1  0  0  0  0
 27 12  1  0  0  0  0
 27 28  1  1  0  0  0
M  END