cis-platin
0   0.00000     0.00000     0
cis-platin
  5  4  0  0  0  0  0  0  0  0  3 V2000
   -0.8660   -0.5000    0.0000 C   0  0  0  0  0  0  0  0  0  0  0  0
    0.0000   -0.0000    0.0000 Pt  0  0  0  0  0  0  0  0  0  0  0  0
   -0.5000    0.8660    0.0000 Cl  0  0  0  0  0  0  0  0  0  0  0  0
    0.5000   -0.8660    0.0000 C   0  0  0  0  0  0  0  0  0  0  0  0
    0.8660    0.5000    0.0000 Cl  0  0  0  0  0  0  0  0  0  0  0  0
  1  2  1  0  0  0  0
  2  3  1  0  0  0  0
  2  4  1  0  0  0  0
  2  5  1  0  0  0  0
A    1
NH3
A    4
NH3
M  END