phthalic acid
0   0.00000     0.00000     0
pthalic acid
12 12  0  0  0  0  0  0  0  0  1 V2000
   -1.0000    0.8660    0.0000 C   0  0  0  0  0  0  0  0  0  0  0  0
   -0.5000   -0.0000    0.0000 C   0  0  0  0  0  0  0  0  0  0  0  0
    0.5000   -0.0000    0.0000 C   0  0  0  0  0  0  0  0  0  0  0  0
    1.0000    0.8660    0.0000 C   0  0  0  0  0  0  0  0  0  0  0  0
    0.5000    1.7321    0.0000 O   0  0  0  0  0  0  0  0  0  0  0  0
    2.0000    0.8660    0.0000 O   0  0  0  0  0  0  0  0  0  0  0  0
    1.0000   -0.8660    0.0000 C   0  0  0  0  0  0  0  0  0  0  0  0
    0.5000   -1.7321    0.0000 C   0  0  0  0  0  0  0  0  0  0  0  0
   -0.5000   -1.7321    0.0000 C   0  0  0  0  0  0  0  0  0  0  0  0
   -1.0000   -0.8660    0.0000 C   0  0  0  0  0  0  0  0  0  0  0  0
   -2.0000    0.8660    0.0000 O   0  0  0  0  0  0  0  0  0  0  0  0
   -0.5000    1.7321    0.0000 O   0  0  0  0  0  0  0  0  0  0  0  0
  1  2  1  0  0  0  0
  2  3  1  0  0  0  0
  3  4  1  0  0  0  0
  4  5  2  0  0  0  0
  4  6  1  0  0  0  0
  3  7  2  0  0  0  0
  7  8  1  0  0  0  0
  8  9  2  0  0  0  0
  9 10  1  0  0  0  0
 10  2  2  0  0  0  0
  1 11  2  0  0  0  0
  1 12  1  0  0  0  0
M  END